-10.4267 -40.1044
-12.0464 -77.0428
-12.8671 -38.4807
-16.2703 -52.0568
-16.7971 47.6516
-18.1492 49.4023
-18.9137 47.5361
-19.5898 -46.9426
-20.1088 -40.3022
-20.8907 55.4551
-20.9526 55.3022
-21.2406 55.3368
-21.3402 55.4755
-22.0892 -45.1538
-22.2626 166.566
-22.2635 -49.1364
-22.2665 166.4742
-22.2911 166.438
-22.5249 -44.0825
-22.895 -47.0439
-22.9434 -46.5581
-23.5335 -46.6359
-23.55 -46.633
-23.6283 -46.6409
-25.2869 -57.6511
-26.3811 27.8376
-29.8556 31.0449
-31.429 -64.1756
-32.8817 -68.8125
-33.4513 -70.6653
-33.8688 151.2092
-33.8715 151.2006
-34.0551 18.4762
-34.6037 -58.3816
-34.6142 -58.3811
-34.6655 -58.664
-34.8102 -56.1678
-36.8506 174.7679
-36.8867 174.769
-36.9113 174.7002
-36 -59.9964
-37.1517 -56.8789
-37.8159 144.9669
-37.8411 144.9799
-43.5567 172.617
-6.2114 106.8446
-6.2787 -41.8139
-6.7963 39.2847
-6.949 -37.8172
-7.5123 109.3003
0.3162 32.5657
0.381 9.4487
1.28009 103.851
1.28141 103.851
1.3048 103.8622
1.32102 103.695
1.32123 103.695
1.32136 103.696
1.352 103.8198
1.43801 103.789
11.2189 75.7268
11.5583 104.9121
12.9634 77.5855
13.5137 2.1098
13.7063 100.4597
13.7066 -89.2053
13.733 100.4865
14.0037 -60.9993
14.6037 -61.0742
14.6646 121.0175
14.6801 120.9981
14.8025 100.6181
15.0598 102.2215
15.4967 -88.0338
16.2375 -61.5846
17.2935 -62.7169
17.411 78.4487
17.9962 -76.8019
18.4615 -69.8965
18.5021 -70.0068
18.6094 -99.3083
18.6161 73.7286
18.7324 -99.361
18.7903 99.0029
19.0436 -98.1981
19.0748 72.8856
19.2281 -70.5135
19.2315 -99.1225
19.2814 -99.1532
19.2937 -99.2434
19.3573 -99.0925
19.3986 -99.0255
19.4214 -99.0136
19.4326 -99.1332
19.5616 -99.2606
20.0444 110.198
20.0628 -99.2243
20.6381 -103.348
20.977 105.897
21.0272 105.825
21.0278 105.834
21.0313 105.8516
21.289 -157.8028
21.423 39.821
22.2442 114.157
22.267 114.188
22.2767 113.5788
22.2881 114.192
22.2908 114.1501
22.3193 114.1693
22.3502 114.0957
22.363 114.135
22.3702 114.13
22.3964 114.109
22.5431 114.058
22.5559 114.0577
22.717 75.8337
23.0207 113.752
23.1181 113.2539
23.2487 77.4066
23.7272 90.4093
23.7528 90.3699
23.7805 90.4163
23.9482 120.6179
24.144 120.6844
24.4554 120.6413
24.4798 118.089
24.5854 73.7141
24.9196 89.9481
24.9259 121.2763
24.9466 121.586
25.0504 121.5324
25.2633 55.3087
25.2925 51.5321
25.6589 -80.3553
25.6666 -80.4036
25.7617 -80.1918
25.7806 -80.1826
25.8119 -80.2318
25.8502 -80.2367
26.125 -80.267
26.241 50.5779
26.6292 -81.968
26.8756 80.9115
27.0875 114.904
27.6253 111.857
27.8729 -15.429
28.2014 112.9611
28.4597 77.0282
28.6542 77.2373
28.6829 115.858
29.6621 -95.2227
29.9665 -83.6594
30.2705 120.164
30.2994 120.1612
30.6007 117.925
30.6632 117.4686
30.7006 49.8315
30.7339 76.7889
30.9977 29.7432
31.2222 121.4581
31.2288 121.521
31.2304 121.4737
31.2304 121.474
31.3093 120.602
31.9038 35.2034
31.9371 35.2032
32.0589 118.7738
32.0773 -81.0901
32.2367 -110.891
32.3923 -84.9315
32.6387 -117.0801
32.7157 -117.161
32.7767 -96.797
32.7767 -96.805
32.7797 -96.8022
32.8771 -80.013
32.8872 13.1913
33.0394 -117.255
33.1402 119.789
33.3124 -111.9195
33.3683 -117.2333
33.4085 -94.1819
33.4413 -112.0421
33.448376 -112.074036
33.4484 -112.074
33.5132 -112.083
33.5312 -111.943
33.5922 -7.6184
33.749 -84.388
33.7697 -84.3754
33.7838 -84.4455
33.844 -84.4784
34.0271 -118.5035
34.0356 -118.442
34.038 -118.4544
34.0434 -118.2519
34.0485 -118.2529
34.0515 -118.2707
34.0522 -118.244
34.0544 -118.244
34.0544 -118.2441
34.0581 -118.235
34.1517 -118.521
34.1576 -118.2675
34.6886 135.1959
34.6906 -118.1417
34.6947 135.5
34.7472 113.625
35.0161 126.711
35.0203 135.7602
35.1743 136.8931
35.179 136.8939
35.2316 -80.8428
35.2369 -80.8957
35.4333 139.65
35.5641 139.7184
35.5851 139.3944
35.6096 139.7283
35.6143 140.1062
35.6419 139.7023
35.6552 139.761
35.6719 139.685
35.6795 139.737
35.6893 139.6899
35.6895 139.692
35.68 139.738
35.6916 139.768
35.8052 139.711
35.894 117.925
35.8973 14.4813
36.0269 14.28
36.061 120.3814
36.0696 140.1051
36.1401 137.2632
36.1697 -115.1236
36.1699 -115.1398
36.1901 43.993
36.5909 128.1976
36.5916 127.2916
36.6632 116.995
36.677696 -78.37471
36.7069 119.162
36.7162 -4.4161
36.7783 -119.418
36.9515 14.5279
37.2773 49.5808
37.2845 -107.8646
37.2994 49.5895
37.3219 -122.03
37.3326 -121.89
37.3382 -121.886
37.3394 -121.895
37.3417 -121.9753
37.353 -121.9543
37.3638 127.122
37.3701 -121.964
37.3793 -122.12
37.3827 127.119
37.3931 -121.962
37.4043 -122.0748
37.422 -122.084
37.4352 -121.899
37.4454 116.3429
37.4749 126.9571
37.4925 15.0701
37.536 126.971
37.5433 126.9073
37.5576 126.9937
37.5625 -122.0004
37.5794 126.9754
37.6016 15.1446
37.6688 -122.081
37.6951 -121.9
37.7308 -122.3838
37.7768 -122.416
37.7809 -122.4245
37.795 -122.403
37.8058 -122.268
37.8107 -122.2479
37.8957 114.904
37.9751 -0.684
37.9838 23.7275
37.9842 23.7353
37.989 -1.2075
38.0266 -1.244
38.0306 -94.0897
38.0428 114.515
38.1105 15.6613
38.1302 13.329
38.132 13.3356
38.1786 15.6926
38.1912 13.2469
38.4767 27.0991
38.6327 -90.1956
38.6821 -9.162
38.7167 -9.13333
38.7205 35.4826
38.7303 -9.14699
38.731 -9.1373
38.7739 -104.78
38.894 -77.0365
38.9071 -77.0368
38.9072 -77.0369
38.9122 121.6022
38.9555 -77.3643
39.018 -77.539
39.0438 -77.4874
39.0469 -77.4903
39.0679 -94.713
39.1374 -94.5786
39.1488 117.1762
39.1678 -94.5269
39.288 -1.4654
39.3017 -120.9717
39.386 -76.54
39.3886 -77.1683
39.4923 -0.4046
39.5119 116.715
39.6165 -0.2979
39.6906 -111.8404
39.7392 -104.99
39.7453 -75.5484
39.8304 -89.6498
39.9007 116.488
39.9042 116.407
39.9042 116.4073
39.9084 116.442
39.9175 116.362
39.9204 116.358
39.9526 -75.1652
39.9527 -75.1682
39.96 116.298
39.9786 116.302
39.9949 116.316
4.0505 9.7023
4.6913 -74.032
4.92485 -52.3144
40.0422 116.295
40.05 -105.217
40.0992 -83.1141
40.1817 44.5099
40.2021 -3.88187
40.2057 -8.4213
40.2069 -111.642
40.355 18.1741
40.4163 -3.6934
40.4195 -3.8014
40.4617 17.2436
40.4636 -74.2784
40.4672 17.3903
40.479 -3.3565
40.5167 -3.66479
40.5774 16.7633
40.6023 -75.4714
40.6401 22.9444
40.6561 -74.0078
40.6611 14.8052
40.665 -73.9523
40.6981 -111.9999
40.7038 -74.0138
40.7123 -74.0068
40.7243 8.5588
40.7433 -74.0079
40.7467 -74.0574
40.7597 -73.981
40.7681 -73.8291
40.7715 113.71
40.7876 -74.06
40.793 -74.0247
40.8247 16.5505
40.8356 14.5049
40.8364 -74.1403
40.867 14.2385
40.9101 14.2891
40.9451 -74.2531
41.0011 28.9675
41.0247 28.9252
41.0301 28.9651
41.0329 29.1014
41.0346 28.9797
41.0493 28.9165
41.1167 1.25
41.13925 -104.816154
41.1607 1.1082
41.2574 -95.9381
41.26194 -95.86083
41.2619 -95.8608
41.3851 2.1734
41.387 2.1701
41.4558 -81.7815
41.4659 12.904
41.4872 -75.6952
41.5908 -93.6208
41.6264 2.6894
41.6368 0.8925
41.6398 2.3581
41.6759 8.90412
41.6959 44.832
41.8057 123.431
41.8112 12.486
41.8155 3.0718
41.8781 -87.6298
41.8783 -87.6907
41.8819 -87.6278
41.8904 12.5126
41.8911 -87.6246
41.9199 8.7424
41.9703 -87.664
41.9851 2.8242
42.0048 -87.9954
42.2299 -8.75608
42.2809 -83.7489
42.2903 -71.0798
42.3278 -3.665
42.3649 -71.0987
42.4958 -71.1935
42.5418 -83.213
42.5649 -89.0843
42.6223 25.3937
42.6359 -73.7219
42.6831 2.7886
42.6977 23.3219
42.7031 2.8914
42.774 2.99041
42.7858 -83.2574
42.8087 -1.6628
42.869 74.5939
42.9758 141.567
43.0456 141.3522
43.0464 1.6261
43.0963 -0.0515
43.1139 5.8014
43.1247 6.01033
43.1263 5.9257
43.1727 5.6087
43.1806 2.9991
43.1926 76.8356
43.1977 0.0639
43.2029 5.77657
43.2179 2.0405
43.2334 0.00123
43.2541 2.3636
43.2542 -1.2354
43.2626 -2.9238
43.2951 5.3861
43.295 5.5726
43.2964 5.3697
43.2981 5.38407
43.3062 6.0698
43.3175 -0.47557
43.3428 -1.617
43.3468 -0.0742
43.4166 1.62881
43.4353 6.7357
43.4432 3.7559
43.4589 2.00437
43.4631 11.8783
43.46 1.32541
43.4781 5.17044
43.4832 -1.1413
43.4883 -0.77266
43.4951 -1.4739
43.5037 13.1327
43.5047 5.3845
43.5148 1.32523
43.5237 1.4423
43.5283 5.44973
43.5312 5.4554
43.5321 1.2299
43.5353 1.5404
43.5381 -5.6604
43.5417 1.51682
43.5513 7.01275
43.5596 -79.6541
43.5611 3.7164
43.5647 3.95034
43.5754 7.0531
43.5772 11.3182
43.5866 7.1242
43.5939 13.5086
43.6003 1.23236
43.6043 1.44367
43.6046 1.4451
43.6107 3.8809
43.6111 1.49944
43.6502 -116.4343
43.6521 3.55096
43.6532 -79.3831
43.6532 -79.3832
43.6547 -79.3623
43.6667 -79.3804
43.6748 4.1305
43.6894 3.5892
43.6976 1.8222
43.7045 7.2597
43.7102 7.26195
43.7121 -1.055
43.7121 1.38462
43.7386 7.42382
43.7564 1.55667
43.7732 7.5046
43.8256 87.6169
43.8774 5.3877
43.8817 4.85493
43.881 -95.1481
43.8869 4.6849
43.9557 2.88915
43.9612 4.86008
44.0185 -121.2984
44.0385 4.899
44.0861 1.2396
44.1264 5.1765
44.1613 1.53691
44.1872 45.3028
44.2014 0.60347
44.2824 4.7533
44.3044 4.61106
44.3607 11.7067
44.4117 26.0422
44.447 1.4307
44.4865 26.1738
44.4 1.78333
44.5022 11.0907
44.5104 12.0332
44.5132 11.8256
44.5605 6.0835
44.5606 27.3726
44.5 -0.78333
44.6009 4.3406
44.6311 -1.1404
44.6335 4.3519
44.6348 -1.0704
44.6433 4.8691
44.6643 -63.6002
44.6924 -0.85479
44.7487 5.372
44.7524 -0.5264
44.7616 3.3211
44.7658 -1.13421
44.8027 -0.5922
44.8046 20.4637
44.8056 -0.6324
44.8085 -0.58915
44.8201 5.7511
44.8404 -0.5805
44.8412 -0.5806
44.8425 -0.64512
44.8443 0.5948
44.8486 0.4824
44.8518 -0.4369
44.8649 -0.59864
44.8764 -0.6485
44.8829 -0.61222
44.8908 -0.7184
44.8942 1.2114
44.924 -0.27226
44.9256 4.90956
44.9327 4.8841
44.9898 -122.93
44.9985 -93.3029
45.0123 -93.3447
45.0287 -0.65443
45.0338 3.9739
45.0426 -0.39658
45.0437 3.88523
45.058 3.985
45.05 -0.58333
45.0914 7.6639
45.1069 -0.3465
45.1071 7.72336
45.1107 9.4491
45.138 7.1409
45.1766 5.7205
45.1787 5.71479
45.25 19.8362
45.2724 10.2083
45.287 2.6661
45.3151 -73.8779
45.3161 -73.8736
45.3581 5.9409
45.3677 -75.7357
45.3694 1.3996
45.4266 4.8333
45.4317 10.9859
45.4368 6.0173
45.4642 9.18998
45.4722 9.1922
45.4805 -122.6363
45.4994 -73.5703
45.4995 -73.5848
45.5029 -73.5723
45.5088 -73.5878
45.5189 9.08626
45.519 9.08615
45.5235 -122.676
45.526 -122.9874
45.5312 5.95217
45.5819 9.2683
45.5851 4.7773
45.5883 2.7392
45.5945 -121.1786
45.6501 -75.666
45.6514 -121.3833
45.6524 25.6109
45.6534 0.1514
45.6713 8.6304
45.6883 -0.27697
45.6906 4.8799
45.6998 27.1875
45.7049 9.6698
45.7088 4.85325
45.7155 4.3325
45.7171 -0.2943
45.7268 3.3359
45.7282 4.81213
45.7381 0.24077
45.7474 -0.63489
45.7485 4.84671
45.748 4.85
45.7537 21.2257
45.7609 5.0111
45.764 4.83566
45.7663 4.8883
45.7664 5.00277
45.772 4.80485
45.7797 3.08682
45.7838 3.0966
45.7925 15.9695
45.8293 15.9793
45.8343 1.0056
45.8489 5.7843
45.8535 27.4344
45.868 12.1789
45.86 1.3857
45.8981 1.3179
45.8992 6.12938
45.9063 6.1293
45.943 -0.96774
45.9455 14.8396
45.9481 6.6385
45.9586 5.3424
45.9633 1.4026
45.9839 -0.95885
46.0291 3.1762
46.0619 6.5725
46.0793 4.75973
46.1064 6.3364
46.1603 -1.15114
46.188 4.7365
46.1922 6.1589
46.1963 6.24
46.2253 6.1516
46.2532 -119.2864
46.2534 6.0726
46.3667 -0.3
46.371 -0.34598
46.4123 -0.1746
46.4888 30.7474
46.488 6.607
46.4901 6.8995
46.4912 6.6349
46.4978 -1.7882
46.5207 6.6428
46.5267 6.6243
46.5291 6.6838
46.5309 3.31654
46.5698 0.64346
46.5754 1.5477
46.5802 0.340375
46.5874 0.3332
46.6232 6.7877
46.6693 -1.432
46.6711 5.0151
46.7187 -1.9073
46.7625 0.4846
46.7657 23.5943
46.7757 7.6347
46.7779 9.67621
46.7811 4.85372
46.8152 1.6943
46.8278 -1.2728
46.8415 -1.8797
46.8458 -1.87942
46.8851 -1.3199
46.9904 6.9339
47.0042 28.8574
47.0241 4.83887
47.0461 -1.1887
47.0631 0.02018
47.081 2.39878
47.1056 -1.8067
47.1165 6.6287
47.1213 -1.5875
47.1667 27.6
47.1672 27.6083
47.1673 -1.4805
47.1872 -1.5694
47.1937 5.382
47.2145 -1.5512
47.2173 -1.55336
47.2184 -1.4669
47.2196 -0.17874
47.2219 2.0684
47.231 1.38275
47.233 -119.852
47.2488 6.01815
47.248 -1.4841
47.2729 -2.2262
47.2835 0.69988
47.2839 8.4632
47.2922 -2.36395
47.2952 -2.3573
47.2972 -1.5475
47.3066 -122.2619
47.3167 5.0139
47.3233 -1.344
47.3475 5.0184
47.3541 -0.7609
47.37204 8.54094
47.3797 5.06842
47.3892 -1.2962
47.3948 0.70398
47.4288 8.7025
47.4328 -1.23122
47.4406 -1.4363
47.4663 8.3471
47.4704 -0.5463
47.4818 8.7077
47.4931 -122.294
47.5075 8.683
47.5273 7.69704
47.5364 -122.278
47.5505 7.58882
47.5636 19.0947
47.577 -2.708
47.5948 2.7496
47.6035 -122.336
47.6131 -122.2053
47.643 6.8557
47.6713 -2.9892
47.6739 -122.1215
47.7221 7.3155
47.7452 7.3379
47.7468 -3.3644
47.7615 -3.3358
47.779 -2.6873
47.8008 13.0443
47.8042 -3.2684
47.8512 2.37773
47.8745 1.92381
47.8754 -3.91896
47.8834 6.2753
47.9047 1.9076
47.904 106.823
47.9149 -4.361
47.9333 3.13333
47.9587 16.0926
47.9728 2.77186
47.9975 -4.1017
48.0332 -1.7049
48.0345 -1.67114
48.0628 0.1354
48.0938 -1.1266
48.112 -1.67429
48.1173 -1.67779
48.11 -1.6744
48.1234 11.5695
48.1243 14.8855
48.1254 11.6279
48.1336 11.5658
48.1374 11.5755
48.1417 11.5644
48.1663 11.5683
48.1833 17.0379
48.1841 -2.7616
48.1875 16.355
48.1989 16.3672
48.2049 16.3662
48.2061 16.1698
48.2085 16.3721
48.2126 16.3509
48.2169 16.4997
48.2626 11.668
48.271 8.8518
48.3015 -0.6181
48.3016 16.3436
48.3217 -103.1654
48.3781 10.8567
48.383 -1.9781
48.3943 11.7319
48.4082 -4.39676
48.4126 2.6949
48.4365 -4.3968
48.4406 2.61
48.4764 17.7797
48.4848 -2.67757
48.5164 -1.9728
48.5275 -2.00327
48.5322 12.1383
48.5362 7.4587
48.5448 7.7168
48.5481 7.327
48.5518 0.47475
48.5524 3.0135
48.5734 7.75211
48.5802 -2.1458
48.5827 -3.8333
48.5855 7.7418
48.6061 7.68846
48.6176 3.744
48.6265 -2.0517
48.6515 7.69876
48.6735 2.3965
48.6764 28.8512
48.6822 6.1862
48.6833 2.38333
48.6854 2.135
48.6888 2.1697
48.6931 2.29431
48.6944 1.85643
48.7052 2.39147
48.7178 1.9042
48.7498 2.3044
48.7515 2.51163
48.7635 2.6662
48.767 9.1827
48.7709 2.4156
48.7722 2.0102
48.7855 1.9588
48.7866 2.3985
48.792 2.39851
48.7939 2.35992
48.7985 6.653
48.7998 2.25729
48.8051 2.4197
48.8127 7.7895
48.8129 2.3417
48.8138 2.3873
48.8166 2.4095
48.8175 2.3167
48.8226 2.3031
48.8232 2.278
48.8323 2.4075
48.8354 2.24128
48.8386 2.41579
48.83 2.5538
48.8452 2.3958
48.8534 2.3488
48.8538 2.5616
48.8559 2.1811
48.856567 2.347322
48.8566 2.35222
48.8572 2.32944
48.85 2.5946
48.8608 2.22438
48.8622 2.58452
48.8667 2.41667
48.8671 2.5085
48.8702 2.27873
48.8714 2.32141
48.874 2.4978
48.8813 2.68232
48.8814 2.327
48.8846 2.26965
48.88 2.2454
48.8924 2.21533
48.8938 2.23977
48.8954 2.2574
48.8992 2.52298
48.9047 2.2469
48.9063 6.055
48.9066 2.37042
48.9086 2.43971
48.9114 2.5586
48.9119 2.2875
48.9123 1.4403
48.9138 2.2569
48.9163 2.3869
48.9245 2.2723
48.9316 2.35633
48.9484 2.2513
48.9504 2.1482
48.9685 2.4023
48.9711 2.20491
48.9718 2.40072
48.9778 2.3197
48.9823 2.05687
48.9855 1.7155
48.9955 1.74081
49.0069 8.40365
49.0211 2.15481
49.0249 1.1503
49.0288 3.37571
49.0346 2.0741
49.0921 1.4688
49.1156 10.7511
49.1228 6.1742
49.1476 6.89482
49.1636 1.3438
49.1821 2.4216
49.1837 -0.356
49.2123 -0.47319
49.2217 -0.37085
49.2329 17.0192
49.2402 6.98519
49.2627 4.0324
49.2825 -123.1291
49.3439 8.1509
49.3508 2.50972
49.3799 1.1052
49.405 11.1617
49.4199 2.823
49.4349 2.0864
49.4429 1.1003
49.4474 11.0604
49.4521 11.0767
49.4525 11.0805
49.4553 3.2779
49.4563 11.1064
49.4637 2.8175
49.4652 1.0929
49.4701 2.49568
49.48 2.04485
49.5298 1.9997
49.591 11.0078
49.6363 -1.5692
49.6398 -1.61636
49.6403 -1.6198
49.6506 -112.8372
49.667 -1.8422
49.6809 18.3456
49.7866 6.0753
49.8029 8.9997
49.8152 6.1295
49.8396 24.0297
49.8473 7.8442
49.8491 18.2696
49.8576 1.0974
49.9007 2.2968
49.916 18.1105
49.9289 2.19615
49.982 36.2566
49.9907 8.6731
5.5502 -0.2174
50.0263 10.5157
50.0327 21.9905
50.0582 14.4443
50.05 14.4
50.0804 14.5045
50.0881 8.5909
50.0883 14.4124
50.1049 8.6295
50.1103 8.7147
50.110924 8.682127
50.1109 8.6821
50.1109 8.68213
50.1138 8.6521
50.1188 8.6843
50.1684 14.3278
50.1946 2.8769
50.2962 57.1763
50.368 -4.1329
50.3719 3.4772
50.3936 3.1687
50.429 -104.5341
50.449 30.4245
50.458 30.5303
50.4721 4.438
50.4744 4.8331
50.475 12.365
50.4777 12.3649
50.5453 3.02657
50.5491 2.91817
50.6215 5.6076
50.624 3.0511
50.6298 2.4599
50.6306 3.1194
50.6337 5.5675
50.6672 4.6068
50.6681 3.0797
50.6916 3.20151
50.6917 3.20157
50.6974 3.178
50.7236 3.1616
50.7288 7.08837
50.7892 0.0824
50.7922 3.1825
50.7976 0.3029
50.7988 -1.0944
50.8267 4.5224
50.8288 3.2691
50.8344 4.368
50.8351 4.3179
50.8374 4.4076
50.8392 4.866
50.8471 4.3785
50.8476 4.35717
50.8511 4.3132
50.8534 4.347
50.8539 3.3041
50.8564 2.7272
50.864 23.3016
50.8713 4.3758
50.8758 4.7027
50.879 4.3525
50.8885 3.4262
50.8919 11.8682
50.9009 4.4855
50.908 4.3045
50.9475 3.1205
50.9499 6.9489
50.9519 1.85635
50.9729 11.0277
50.9747 -2.6071
50.9871 2.12554
51.0049 5.5887
51.024 4.4834
51.0289 13.8222
51.0336 2.3743
51.047 3.7206
51.0538 3.8077
51.0544 7.0532
51.0619 5.0922
51.0957 17.0324
51.1043 17.0335
51.1135 -2.528
51.1662 4.4487
51.1874 2.9954
51.1878 6.8607
51.189 3.8037
51.1904 4.4294
51.2069 4.4432
51.2093 3.2185
51.2115 10.4521
51.2184 6.7734
51.2192 4.3917
51.2362 -0.570409
51.2487 4.5022
51.2673 6.81752
51.279 1.0763
51.2922 0.3726
51.3231 5.0817
51.3394 -0.741
51.3465 -0.8212
51.4021 -0.0916
51.4184 -0.987301
51.4256 6.6886
51.4357 5.4842
51.451 -0.0463
51.4535 -2.5917
51.4558 -0.967893
51.4566 -0.968
51.4623 -2.5502
51.4647 -0.0509
51.4874 12.023
51.497 -0.143324
51.5074 -0.1196
51.5074 -0.127758
51.5095 -0.0955
51.5113 -0.079212
51.5123 -0.0909
51.5128 -0.0638
51.5164 -0.093
51.5177 -0.6215
51.5185 -0.176108
51.521 -3.2037
51.5245 -0.1567
51.529 -0.06
51.5368 -0.6718
51.5384 -0.039
51.5482 7.1691
51.5523 4.46279
51.5555 -0.6212
51.5638 -0.0765
51.5875 -0.30236
51.5999 -0.5497
51.6216 -0.055
51.6317 -0.1138
51.6448 17.8151
51.6833 -3.9
51.7655 -0.4482
51.7698 5.5708
51.7859 11.1518
51.7976 5.8112
51.8299 4.3319
51.8613 -0.4656
51.8615 -2.25094
51.8918 5.0767
51.8978 4.16855
51.9014 0.5454
51.9244 4.47773
51.9281 4.5052
51.93 4.4264
51.9729 -2.906
51.9905 4.3364
52.0045 4.3728
52.0089 5.9647
52.0158 -0.6904
52.041 4.4014
52.0618 1.156
52.0762 4.2878
52.081 4.2817
52.0967 5.1137
52.1148 5.1211
52.1155 16.1171
52.1529 4.496
52.1928 5.4199
52.1932 0.1426
52.2276 18.2512
52.2281 5.198
52.2296 21.0067
52.2296 21.0122
52.2297 21.0122
52.234 21.006
52.2544 21.0347
52.2549 21.0106
52.2602 10.4976
52.2777 -0.8284
52.352 4.9392
52.3601 4.9218
52.3667 4.9
52.3669 4.9517
52.3676 4.90414
52.3704 4.89524
52.3759 4.8975
52.3766 4.835
52.376 9.8052
52.3795 4.8777
52.3798 4.88814
52.3803 4.6422
52.3817 4.89021
52.3907 4.66554
52.4052 16.9339
52.4071 16.9121
52.4286 13.5316
52.4748 -2.0089
52.4862 -1.8904
52.4867 -1.8989
52.5201 13.4425
52.5345 6.052
52.5378 5.6966
52.5451 -1.881
52.6171 13.1207
52.706 6.1876
52.7719 -1.5463
52.9029 -1.5046
52.9707 -1.093
52 8.4
53.0554 8.8092
53.0806 -2.1331
53.1492 16.7461
53.195 44.9945
53.2258 6.5342
53.323 -6.3159
53.3325 83.7758
53.3478 -6.2597
53.3498 -6.26031
53.3992 -2.7047
53.4117 -6.4495
53.4174 -2.7093
53.4284 14.5474
53.4571 11.4314
53.5123 -2.3143
53.5181 -1.3228
53.5511 9.99368
53.5544 9.9946
53.5549 -2.0681
53.5563 9.9929
53.5674 10.055
53.6515 -1.8196
53.7401 -1.59877
53.7438 87.0979
53.9007 27.5709
54.0851 12.095
54.25 -6.96667
54.3176 10.1705
54.3497 -1.4099
54.678 25.3218
54.9022 83.0335
54.9935 -2.1189
54.9978 73.4001
55.1553 61.4313
55.5727 37.5733
55.6674 12.5429
55.6761 12.5683
55.6802 12.5892
55.6829 37.5777
55.7182 37.6077
55.7332 37.5833
55.7334 37.7306
55.7483 37.6171
55.7558 37.6173
55.785 49.1178
55.8214 12.4802
56.1752 44.1921
56.3327 44.0012
56.5128 21.0154
56.5772 42.3725
56.6709 12.859
56.8439 60.6524
56.9027 12.4888
56.9496 24.0978
57.85 11.7833
59.0433 15.8737
59.1264 37.9012
59.2035 17.8808
59.2539 17.7853
59.3287 18.0717
59.3293 18.0686
59.3294 18.0687
59.341 18.0355
59.3779 17.9155
59.8481 30.3224
59.8781 30.4619
59.8983 30.2618
59.91662 10.982052
59.9276 30.4186
59.955 10.859
6.13123 1.21439
6.889 79.9559
60.1719 24.9347
60.1792 24.9337
60.1797 24.9344
60.3963 5.3212
9.2612 76.7833
